Rank	NodeID	Drug	Score
1	114484200	efavirenz	0.009860283259915151
2	114484954	varenicline	0.00013971295716574928
3	114484270	fenoprofen	0.00010622747180786084
4	114484474	mecamylamine	0.00010493794671848991
5	114485001	acetylsalicylic acid	9.613866630543408e-05
6	114484660	phenylbutazone	8.88623412664178e-05
7	114484854	tenoxicam	8.575362772428998e-05
8	114483921	atracurium	7.981254583400484e-05
9	114484773	safinamide	6.937161801136644e-05
10	114484372	iproniazid	5.7245058206494175e-05
11	114485174	trandolaprilat	5.3707651562364676e-05
12	114484845	tedizolid	5.3307542941863394e-05
13	114484303	fosinopril	5.310297305435767e-05
14	114485122	perindoprilat	5.134688556761768e-05
15	114484194	dyclonine	5.03265323773167e-05
16	114485139	ramiprilat	4.675092464554674e-05
17	114484579	nizatidine	4.66484616996107e-05
18	114484198	edrophonium	4.65424841157389e-05
19	114485426	propentofylline	4.498412840954904e-05
20	114485138	quinaprilat	4.395597293788371e-05
21	114485076	huperzine a	4.1665532998987396e-05
22	114484631	pargyline	4.0345299925418256e-05
23	114485303	clorgyline	3.807927593214934e-05
24	114484358	imidapril	3.800822839353502e-05
25	114484698	procainamide	3.7208630301643256e-05
26	114484556	neostigmine	3.0512400027229564e-05
27	114485387	spiraprilat	2.9678183800885085e-05
28	114484310	gallamine	2.858238726201147e-05
29	114485218	ethopropazine	2.7902177787138372e-05
30	114485012	bambuterol	2.722581733998497e-05
31	114485133	profenamine	2.677456407224454e-05
32	114483876	ambenonium	2.5686328484518907e-05
33	114485334	imidaprilat	2.5002430138095778e-05
34	114484714	pyridostigmine	2.479636570455569e-05
35	114484312	ganciclovir	2.3599123484301542e-05
36	114485243	neostigmine methylsulfate	2.342590520050921e-05
37	114484309	galantamine	2.2845951036019636e-05
38	114485013	benazeprilat	2.271818844017115e-05
39	114484577	nitroprusside	1.9272797945926058e-05
40	114484103	dabigatran etexilate	1.6105652139795452e-05
41	114484130	desirudin	1.547919154929734e-05
42	114484980	ximelagatran	1.5105129423049018e-05
43	114485384	sitosterol	1.4717805673986947e-05
44	114484462	lumiracoxib	1.3214188828640388e-05
45	114484674	piroxicam	1.097575812990527e-05
46	114483985	bromfenac	1.0683822303831641e-05
47	114484140	dexketoprofen	9.900591168400543e-06
48	114484480	meloxicam	9.761662909130037e-06
49	114484563	nicotine	9.75907281807628e-06
50	114484415	lepirudin	9.755596056519936e-06
51	114483970	bivalirudin	9.616618514228225e-06
52	114484248	etodolac	8.85596477229362e-06
53	114483900	apixaban	8.236264231958e-06
54	114483907	argatroban	7.955197526052858e-06
55	114483946	benzoic acid	7.631183397239486e-06
56	114484818	sulfaguanidine	7.496572954036487e-06
57	114484663	physostigmine	5.506977730838815e-06
58	114484758	rivastigmine	5.426352737978361e-06
59	114484832	tacrine	3.9836047895709804e-06
60	114484123	decamethonium	3.539821532211164e-06
61	114484710	propylthiouracil	3.2752274659607344e-06
62	114485068	gabexate	2.8574964588275836e-06
63	114484292	flurbiprofen	2.72147184318014e-06
64	114484643	pentoxifylline	2.410138484184016e-06
65	114484568	nimesulide	2.3659198784603298e-06
66	114485249	pitavastatin calcium	2.068530883266569e-06
67	114483849	acetylcholine	1.933381633710858e-06
68	114484757	rivaroxaban	1.9289625104248275e-06
69	114484035	cerivastatin	1.9142499832038694e-06
70	114485159	succinylcholine	1.8412995707834163e-06
71	114484181	doxapram	1.8072032037609317e-06
72	114484424	levobupivacaine	1.7780529342432098e-06
73	114485238	mesalamine	1.6283531903307763e-06
74	114484630	parecoxib	1.6164317777713957e-06
75	114485054	esflurbiprofen	1.6110338652104553e-06
76	114484333	hexamidine	1.5672507561829457e-06
77	114484731	rasagiline	1.5553120281702737e-06
78	114484829	suprofen	1.4839827697291882e-06
79	114485095	mesalazine	1.4777888712234069e-06
80	114484532	monobenzone	1.3265795021935162e-06
81	114485072	glutamic acid	1.3048660059270808e-06
82	114484439	linezolid	1.1475206685213488e-06
83	114484528	moclobemide	1.084245033072903e-06
84	114485032	choline	1.0605271536369738e-06
85	114483993	bupropion	9.774164849839798e-07
86	114484005	canagliflozin	9.482475152120307e-07
87	114485339	l-glutamic acid	8.696429804242615e-07
88	114484495	methoxsalen	8.650134932015629e-07
89	114483986	bromhexine	8.184598210348366e-07
90	114484013	carbamazepine	8.083105488517419e-07
91	114484446	lofepramine	7.763766483663887e-07
92	114485081	ipragliflozin	7.627303218944705e-07
93	114484549	naproxen	7.564846587022549e-07
94	114484608	oxaprozin	7.506924355826552e-07
95	114484209	empagliflozin	7.309066115621857e-07
96	114484712	protriptyline	7.271238070472638e-07
97	114484912	tranylcypromine	7.14396761450504e-07
98	114484052	cholesterol	7.068370851190748e-07
99	114484135	desvenlafaxine	7.06794297560542e-07
100	114485254	pyrovalerone	7.00364326378445e-07
101	114484233	escitalopram	6.781826324026293e-07
102	114484428	levomilnacipran	6.614341526537866e-07
103	114484472	mazindol	6.583064816544147e-07
104	114484518	milnacipran	6.52178273668535e-07
105	114484500	methylphenidate	6.50359167125498e-07
106	114484177	donepezil	6.041778715172668e-07
107	114484931	trimipramine	5.97985617401423e-07
108	114484580	nomifensine	5.899406032714324e-07
109	114483957	betrixaban	5.212064164357246e-07
110	114484383	istradefylline	5.194667350957944e-07
111	114485191	aspirin	5.1427906912335e-07
112	114483999	butriptyline	5.119880035349164e-07
113	114484477	mefenamic acid	4.810738236538103e-07
114	114484082	cobicistat	4.6309969703091366e-07
115	114484020	carprofen	4.586852149879178e-07
116	114484144	dextroamphetamine	4.563955930882339e-07
117	114484252	etoricoxib	4.53403461587918e-07
118	114484760	rofecoxib	4.48589844286889e-07
119	114484729	ranitidine	4.3820956768994436e-07
120	114484794	sibutramine	4.3321932605063897e-07
121	114484139	dexibuprofen	4.2511829194629174e-07
122	114483918	atorvastatin	4.245770535525389e-07
123	114484114	dapoxetine	4.1521027396819117e-07
124	114484481	memantine	4.086628930130272e-07
125	114484297	fluvastatin	3.9934466302243404e-07
126	114484962	vidarabine	3.969003487182824e-07
127	114485037	dabigatran	3.815971428222075e-07
128	114483879	amiloride	3.6487631772021433e-07
129	114485337	khellin	3.592299334403146e-07
130	114484809	sotagliflozin	3.5494595312635743e-07
131	114484961	vibegron	3.45209874181188e-07
132	114484298	fluvoxamine	3.438324872834279e-07
133	114484263	felbinac	3.3303267393750657e-07
134	114484498	methylene blue	3.282349245319422e-07
135	114484798	simvastatin	3.2612944337958666e-07
136	114485173	tofogliflozin	3.235701018573129e-07
137	114483997	butenafine	3.069184499429286e-07
138	114485101	nafamostat	3.0049545307691763e-07
139	114484688	pravastatin	2.916008094757041e-07
140	114483917	atomoxetine	2.808582600187697e-07
141	114484732	reboxetine	2.752235308699746e-07
142	114484348	ibuprofen	2.7516570385224254e-07
143	114484335	hexylresorcinol	2.682821114738025e-07
144	114484746	rilpivirine	2.682339739949324e-07
145	114484453	lorcaserin	2.3077768097086806e-07
146	114484471	masoprocol	2.104364713594138e-07
147	114484043	chloroxine	2.0929242259037388e-07
148	114484029	cefmetazole	2.0491105121639887e-07
149	114484476	meclofenamic acid	2.015898762889731e-07
150	114485005	alpha-linolenic acid	2.0024620865481371e-07
151	114484784	selegiline	1.9847519958175074e-07
152	114484288	fluoxetine	1.908408609056122e-07
153	114484378	isoflurophate	1.889330999676297e-07
154	114484767	rosuvastatin	1.813432680928405e-07
155	114484605	osilodrostat	1.7592628843216446e-07
156	114484078	clopidogrel	1.7230258056931722e-07
157	114484490	methapyrilene	1.6668553583560808e-07
158	114485251	pyrilamine	1.6624681085985752e-07
159	114484244	ethylestrenol	1.651636757015753e-07
160	114484487	metergoline	1.6458204822651297e-07
161	114484395	ketoprofen	1.6449034093163126e-07
162	114484064	citalopram	1.609095291887643e-07
163	114484611	oxiconazole	1.5863149545612005e-07
164	114484824	sulindac	1.5626187184164196e-07
165	114485016	berberine	1.5513995324221613e-07
166	114484281	flufenamic acid	1.5339881586818722e-07
167	114484351	idebenone	1.5086227932892232e-07
168	114484959	venlafaxine	1.469515776154392e-07
169	114485248	pipamazine	1.4509707722458894e-07
170	114484389	ixabepilone	1.448735370113283e-07
171	114484792	sertraline	1.4399018115139134e-07
172	114484131	desloratadine	1.3984357577591062e-07
173	114484084	cocaine	1.3849310261108868e-07
174	114484075	clomipramine	1.3714282410221601e-07
175	114484703	promazine	1.3242667006187186e-07
176	114483890	amoxapine	1.2869954356715795e-07
177	114484585	nortriptyline	1.286324327525899e-07
178	114483861	alfuzosin	1.266237754080631e-07
179	114484137	dexchlorpheniramine	1.2344068872622266e-07
180	114484848	telaprevir	1.233076824250554e-07
181	114485044	dosulepin	1.2192850492211663e-07
182	114484211	enalapril	1.1966773460961694e-07
183	114484990	zileuton	1.1704462526932833e-07
184	114484819	sulfanilamide	1.1699844799116805e-07
185	114484042	chloroquine	1.1490279005423029e-07
186	114484704	promethazine	1.1173161805696687e-07
187	114484190	duloxetine	1.1017890733040552e-07
188	114484437	linagliptin	1.0928186808068449e-07
189	114484910	trandolapril	1.0921495928512602e-07
190	114484553	nefazodone	1.0626837858310523e-07
191	114484183	doxepin	1.0557377899527169e-07
192	114484442	lisinopril	1.0484340890388264e-07
193	114484653	phenelzine	1.0366693552472676e-07
194	114484364	indomethacin	1.006748207443089e-07
195	114484145	dextromethorphan	9.958242973379708e-08
196	114484604	orphenadrine	9.518348580050835e-08
197	114483867	alogliptin	9.23566625092964e-08
198	114485121	penfluridol	9.217849544427324e-08
199	114484129	desipramine	9.146981944239872e-08
200	114484881	tiaprofenic acid	9.101255820952944e-08
201	114484982	yohimbine	9.100390449032582e-08
202	114484396	ketorolac	9.060826312603893e-08
203	114484059	cinnarizine	8.995869037179093e-08
204	114484265	fenbufen	8.960409740026053e-08
205	114485187	3,3',4',5-tetrachlorosalicylanilide	8.670162905949928e-08
206	114484913	trazodone	8.621093078089403e-08
207	114484718	quinapril	8.619394669512013e-08
208	114485322	gdc-0199	8.504089891210209e-08
209	114484460	lumateperone	8.249331600880015e-08
210	114485263	thioguanine	8.118411552555897e-08
211	114484069	clebopride	8.024494859047041e-08
212	114485017	bifemelane	7.871860842631352e-08
213	114484975	voriconazole	7.868206571587731e-08
214	114484699	prochlorperazine	7.80336832301443e-08
215	114484046	chlorpromazine	7.703799679320143e-08
216	114484524	mitotane	7.7009334574795e-08
217	114484721	quinine	7.640050159595834e-08
218	114484245	ethynodiol diacetate	7.628937144327567e-08
219	114484815	sulconazole	7.627602277647504e-08
220	114484486	mestranol	7.334570589282137e-08
221	114484939	tropisetron	7.328556648672362e-08
222	114485395	tolonium chloride	7.198939038518824e-08
223	114484996	zonisamide	7.124647156572144e-08
224	114483973	boceprevir	6.983291543174611e-08
225	114484062	cisapride	6.865364755453122e-08
226	114484101	cyproheptadine	6.770119508580365e-08
227	114484081	clozapine	6.767222359381998e-08
228	114483949	benzquinamide	6.727510172358887e-08
229	114483939	benazepril	6.678896511688666e-08
230	114484900	tolmetin	6.629924013218096e-08
231	114484002	caffeine	6.62745749556228e-08
232	114484882	tibolone	6.461131630182312e-08
233	114484509	mianserin	6.418998484430258e-08
234	114484212	enalaprilat	6.359890515079291e-08
235	114484423	levobunolol	6.338920865680512e-08
236	114484393	ketanserin	6.299764305257366e-08
237	114484022	carvedilol	6.29340941089935e-08
238	114484977	vortioxetine	6.293200411835594e-08
239	114484727	ramipril	6.292655784538348e-08
240	114485403	zotarolimus	6.17537299415728e-08
241	114484530	moexipril	6.160877658299107e-08
242	114484860	terconazole	5.973749228678022e-08
243	114484382	isradipine	5.967978856886589e-08
244	114484648	perindopril	5.960689101728704e-08
245	114484290	fluphenazine	5.9532949577852965e-08
246	114484802	sitagliptin	5.914152500001255e-08
247	114485221	florbetapir f 18	5.906002828013836e-08
248	114484283	flunarizine	5.875074111884494e-08
249	114484908	tramadol	5.7514775337452e-08
250	114485319	florbetapir f-18	5.73704580412789e-08
251	114485223	flutemetamol f 18	5.7328367088587844e-08
252	114484876	thioridazine	5.696286260571563e-08
253	114484295	flutemetamol	5.673893526549004e-08
254	114484359	imipramine	5.6674973387049936e-08
255	114485280	ajmalicine	5.553852194030664e-08
256	114485220	florbetaben f18	5.5340759690999054e-08
257	114484884	ticlopidine	5.5296203421787034e-08
258	114485222	florbetapir	5.5271651038440994e-08
259	114484753	risperidone	5.4761774649739696e-08
260	114484997	zotepine	5.4669641558140006e-08
261	114484330	haloperidol	5.271439290448915e-08
262	114484593	olanzapine	5.261098405391835e-08
263	114484561	nicardipine	5.2235815686396976e-08
264	114484958	venetoclax	5.0686581982610687e-08
265	114484150	diclofenac	5.0565903407922944e-08
266	114483912	asenapine	5.0542924921159415e-08
267	114484331	haloprogin	5.020522097535032e-08
268	114484166	diphenidol	5.014640400995722e-08
269	114484671	pioglitazone	4.9562246098995166e-08
270	114484717	quetiapine	4.944736198681275e-08
271	114483886	amitriptyline	4.746248212225316e-08
272	114484032	celecoxib	4.6964722309295683e-08
273	114484868	tetracycline	4.643639842733403e-08
274	114484965	vildagliptin	4.6027299744648957e-08
275	114484791	sertindole	4.4599947794768475e-08
276	114484992	ziprasidone	4.4563972977885256e-08
277	114484164	diosmin	4.452717220256805e-08
278	114484926	trihexyphenidyl	4.3507837416437534e-08
279	114484964	vilazodone	4.31996148677943e-08
280	114484812	stanozolol	4.2779033005719626e-08
281	114484196	econazole	4.226854629828776e-08
282	114484110	danazol	4.1377194974750695e-08
283	114485410	dimethyl	4.0940332975633004e-08
284	114484676	plerixafor	4.015891686121462e-08
285	114483909	aripiprazole	3.999273174769939e-08
286	114484856	teprotumumab	3.975995316709679e-08
287	114484450	loperamide	3.9485181369196026e-08
288	114483929	azelastine	3.93421790680484e-08
289	114483959	bezafibrate	3.932309543428365e-08
290	114484398	labetalol	3.8842041179084405e-08
291	114484076	clonazepam	3.865143340489698e-08
292	114484511	miconazole	3.7918658170260664e-08
293	114485386	spi-1005	3.486435506055818e-08
294	114484176	domperidone	3.4740834917783015e-08
295	114484766	rosiglitazone	3.422608165132107e-08
296	114484998	3,4-dihydroxycinnamic acid	3.4082140917335205e-08
297	114485288	b-lactams	3.392650201370222e-08
298	114484858	terbinafine	3.332632004710214e-08
299	114485137	quercetin	3.2767529029258515e-08
300	114485255	retinol	3.27384517157408e-08
301	114484632	paroxetine	3.2627055719020996e-08
302	114484070	clemastine	3.1839293957287456e-08
303	114484936	troglitazone	3.131134234899402e-08
304	114484160	dimenhydrinate	3.1080248462056874e-08
305	114485381	rosiglitazone xr	3.1033782032989566e-08
306	114483868	alosetron	3.0844365881508514e-08
307	114484709	propranolol	3.0468150711765465e-08
308	114484268	fenofibric acid	3.0306938387661875e-08
309	114483913	astemizole	3.0271438398277235e-08
310	114485120	pemafibrate	3.0200971328833716e-08
311	114484720	quinidine	2.970332320731439e-08
312	114484293	fluspirilene	2.9325290924425335e-08
313	114484853	temsirolimus	2.9082476845674784e-08
314	114484012	captopril	2.906202742861063e-08
315	114484311	gamolenic acid	2.872688394043693e-08
316	114484678	pomalidomide	2.8563451030960107e-08
317	114484254	everolimus	2.8462098750140625e-08
318	114484723	raloxifene	2.6426991956371937e-08
319	114484690	prednisolone	2.5252578282069514e-08
320	114483976	bosutinib	2.5083770398702588e-08
321	114484096	cyclizine	2.485719119230845e-08
322	114484182	doxazosin	2.4673103738113694e-08
323	114484875	thimerosal	2.44089386831732e-08
324	114485321	gamma-homolinolenic acid	2.435153548860876e-08
325	114484828	sunitinib	2.410694221216845e-08
326	114485323	glibenclamide	2.3843086367126008e-08
327	114484262	fedratinib	2.3625604823196155e-08
328	114485079	icosapent	2.346945071089521e-08
329	114484223	epirubicin	2.320675376910225e-08
330	114484238	estradiol benzoate	2.2868064919595915e-08
331	114484482	menadione	2.2828338194422228e-08
332	114484570	nintedanib	2.2676756465099167e-08
333	114484153	diethylstilbestrol	2.249001050985166e-08
334	114483980	brigatinib	2.2407999294616192e-08
335	114483991	bupivacaine	2.2137978637088234e-08
336	114484394	ketoconazole	2.1868354176641476e-08
337	114483958	bexarotene	2.128491267519178e-08
338	114484945	umbralisib	2.11731637992472e-08
339	114484171	dobutamine	2.100671861503716e-08
340	114484050	chlorzoxazone	2.0864455476374592e-08
341	114484646	perhexiline	2.0826949290253063e-08
342	114484645	pergolide	2.0784799001855223e-08
343	114484073	clioquinol	2.0607932169751418e-08
344	114484659	phentolamine	2.0495138867102917e-08
345	114484781	saxagliptin	2.0125440007547296e-08
346	114485297	brilliant blue g ophthalmic solution	1.9775532502820775e-08
347	114484513	midostaurin	1.9724465079800868e-08
348	114484547	naltrexone	1.947953081240176e-08
349	114485200	carbachol	1.93379651248124e-08
350	114484557	neratinib	1.932605352326074e-08
351	114484094	crizotinib	1.9096717014741786e-08
352	114485131	prinomastat	1.890556907542992e-08
353	114484837	tamoxifen	1.886057260214065e-08
354	114483965	biotin	1.8830285969393e-08
355	114485008	anagliptin	1.8231279801500717e-08
356	114485242	methylergonovine	1.820035781930468e-08
357	114483981	brilliant blue g	1.81760431922242e-08
358	114485217	ethinyl estradiol	1.8126410113352495e-08
359	114484584	norgestrel	1.7931052862508276e-08
360	114484949	valdecoxib	1.7914874042757166e-08
361	114484413	lenalidomide	1.789922143039116e-08
362	114485167	teneligliptin	1.776861050538886e-08
363	114484566	nilotinib	1.7575595974451493e-08
364	114484893	tivozanib	1.7284090491495348e-08
365	114484432	levothyroxine	1.7219206486491613e-08
366	114484387	ivermectin	1.704955433108571e-08
367	114484440	liothyronine	1.6793872254796292e-08
368	114484080	clotrimazole	1.6781513893438694e-08
369	114483889	amodiaquine	1.6455185289378477e-08
370	114485225	gentian violet	1.6430352023763445e-08
371	114484385	ivabradine	1.6374177355605612e-08
372	114484321	glyburide	1.6014048534418556e-08
373	114484404	lansoprazole	1.5880813188056093e-08
374	114484016	carbidopa	1.5754974584929983e-08
375	114484121	dasatinib	1.5713712053363852e-08
376	114484218	entrectinib	1.5695184434416386e-08
377	114484546	naloxone	1.5646585995934975e-08
378	114484457	lovastatin	1.5499869313794136e-08
379	114484808	sorafenib	1.5487625817610982e-08
380	114484506	metoprolol	1.529684197661826e-08
381	114484941	tryptophan	1.5053821977460126e-08
382	114485245	norethindrone	1.4947408488752178e-08
383	114484694	primaquine	1.4827774125413602e-08
384	114484214	encorafenib	1.4820649655632484e-08
385	114483884	amiodarone	1.4783875951204828e-08
386	114484705	propafenone	1.4602715512598e-08
387	114484952	vandetanib	1.451312808156708e-08
388	114484063	cisplatin	1.4489600534827149e-08
389	114485388	sr141716a	1.4362257528529138e-08
390	114484374	irinotecan	1.4332167673213815e-08
391	114485412	ethanolamine	1.4054401352216527e-08
392	114484850	telmisartan	1.3740452760454705e-08
393	114484034	ceritinib	1.3737349487530062e-08
394	114484031	ceftriaxone	1.3489034780764547e-08
395	114484443	lisuride	1.332464761223688e-08
396	114484839	tannic acid	1.3308130520018366e-08
397	114484615	oxymetazoline	1.3218642538407676e-08
398	114484147	diacerein	1.317455885771575e-08
399	114484304	fostamatinib	1.3131959057638273e-08
400	114484285	flunitrazepam	1.3107458895922733e-08
401	114484058	cinacalcet	1.3028958132910339e-08
402	114485074	heparin	1.301393312226784e-08
403	114484649	perphenazine	1.2911364127695892e-08
404	114484995	zolpidem	1.289211652434946e-08
405	114484367	infigratinib	1.2795640304535112e-08
406	114484960	verapamil	1.2678068982602124e-08
407	114483848	acetic acid	1.2492166166466391e-08
408	114484332	hexachlorophene	1.2404494261737552e-08
409	114484098	cyclofenil	1.2312177867193114e-08
410	114484299	fondaparinux	1.2203447981426831e-08
411	114485227	gold sodium thiomalate	1.1916736821325162e-08
412	114484240	estriol	1.1865352715104363e-08
413	114484622	palbociclib	1.1821898542132682e-08
414	114484755	ritonavir	1.1360810667728716e-08
415	114483940	bendamustine	1.1324039135439984e-08
416	114484267	fenofibrate	1.1076404504430076e-08
417	114485406	chromic	1.1074784713436177e-08
418	114485289	bay 80-6946	1.10309338891718e-08
419	114484155	diflunisal	1.0906309906834235e-08
420	114484251	etoposide	1.082976647339509e-08
421	114485382	salicyclic acid	1.067060169045057e-08
422	114484452	loratadine	1.0400596957624896e-08
423	114484497	methyldopa	1.0358637764276353e-08
424	114485086	lazertinib	1.0309820894288728e-08
425	114484895	tofacitinib	1.0223215670241806e-08
426	114484381	isotretinoin	9.802859248352328e-09
427	114485253	pyrogallol	9.698524440278935e-09
428	114484006	candesartan cilexetil	9.348439903523091e-09
429	114484178	dopamine	9.322845944499836e-09
430	114484983	zafirlukast	9.239016831782555e-09
431	114484357	imatinib	9.056266154700025e-09
432	114485256	rifampin	9.038287965919251e-09
433	114483935	bazedoxifene	8.671535816108253e-09
434	114484554	nelfinavir	8.604409777558731e-09
435	114484763	romidepsin	8.527151628561196e-09
436	114485010	arzoxifene	8.513330859634353e-09
437	114484433	lidocaine	8.170425034041511e-09
438	114484239	estradiol	8.126287425933254e-09
439	114484368	ingenol mebutate	7.970289553004694e-09
440	114484237	estetrol	7.961777191075762e-09
441	114484282	flumazenil	7.957043963108091e-09
442	114484241	estrone	7.864110927498371e-09
443	114484976	vorinostat	7.824255270110445e-09
444	114484408	lasofoxifene	7.684796492796693e-09
445	114485276	17&beta;-estradiol	7.669350422907975e-09
446	114484801	sirolimus	7.575194732781544e-09
447	114484504	metoclopramide	7.5011308486909e-09
448	114484001	cabozantinib	7.463062430156832e-09
449	114485264	tribromsalan	7.4354720738010005e-09
450	114484313	gefitinib	7.414686485359281e-09
451	114484991	zinc chloride	7.403283186628854e-09
452	114485228	gramicidin	7.373002139743344e-09
453	114484986	zanamivir	7.3145143941455675e-09
454	114484533	montelukast	7.3067414304543855e-09
455	114484089	copanlisib	7.283873051620653e-09
456	114483840	abemaciclib	7.186066387834373e-09
457	114483938	belinostat	7.146319497577131e-09
458	114484924	trifluoperazine	6.926214484751143e-09
459	114484087	colistin	6.872349674899854e-09
460	114484606	osimertinib	6.761848459432351e-09
461	114484772	ruxolitinib	6.746457833984949e-09
462	114484230	erlotinib	6.605874165422457e-09
463	114485204	clomiphene	6.5871745303245735e-09
464	114483905	aprotinin	6.408795806090961e-09
465	114483869	alpelisib	6.353206778553291e-09
466	114484627	panobinostat	6.3102821301211026e-09
467	114483880	aminocaproic acid	6.186385639648223e-09
468	114483865	allopurinol	6.117545244440628e-09
469	114484352	idelalisib	6.033762171011663e-09
470	114484426	levodopa	6.010453830924852e-09
471	114484679	ponatinib	5.950058701004926e-09
472	114485364	omidenepag	5.918667901660489e-09
473	114484764	romiplostim	5.847313165109446e-09
474	114483856	afatinib	5.837998342986622e-09
475	114484911	tranexamic acid	5.7954899042423395e-09
476	114485328	gw685698x	5.701385384360752e-09
477	114483923	auranofin	5.5561889014510205e-09
478	114484811	spironolactone	5.4356964857445685e-09
479	114483953	berotralstat	5.422097343157878e-09
480	114483944	benzbromarone	5.271046270966008e-09
481	114483969	bithionol	5.2035390584865316e-09
482	114484822	sulfasalazine	5.179964722122e-09
483	114484519	milrinone	5.1205992403756176e-09
484	114485056	ethinylestradiol	5.064401814353957e-09
485	114484618	oxypurinol	4.981516332498879e-09
486	114484583	norgestimate	4.968367772413819e-09
487	114484915	tretinoin	4.966652662253967e-09
488	114484918	triazolam	4.942522927057778e-09
489	114484634	pazopanib	4.855987674956455e-09
490	114484833	tacrolimus	4.834799758338233e-09
491	114484242	eszopiclone	4.791172565732911e-09
492	114484224	eplerenone	4.747739619839235e-09
493	114484306	fulvestrant	4.744713948087416e-09
494	114484179	doripenem	4.69939822623333e-09
495	114483903	apremilast	4.688517223385647e-09
496	114485014	benidipine	4.668290298022343e-09
497	114484708	propofol	4.6067983896160764e-09
498	114483842	acalabrutinib	4.5319645612237605e-09
499	114484978	voxelotor	4.50783411286417e-09
500	114483989	budesonide	4.491017201696606e-09
501	114483893	amsacrine	4.452196014712766e-09
502	114484384	itraconazole	4.368730045451473e-09
503	114484170	disulfiram	4.0910146054093374e-09
504	114483863	aliskiren	4.082712281095528e-09
505	114484228	ergotamine	4.048765575463108e-09
506	114484702	progesterone	4.033437835872554e-09
507	114484044	chloroxylenol	4.03105903609278e-09
508	114484011	capsaicin	3.988956076719114e-09
509	114485141	remikiren	3.9703217525884096e-09
510	114484204	eliglustat	3.915587546369238e-09
511	114484405	lapatinib	3.894553069891964e-09
512	114484861	terfenadine	3.764638827790435e-09
513	114484347	ibrutinib	3.6276931107360773e-09
514	114483933	balsalazide	3.506783567291768e-09
515	114484865	testosterone	3.4260268819808057e-09
516	114484707	proparacaine	3.145982549869989e-09
517	114484539	nabilone	3.130656847697582e-09
518	114485075	hesperetin	3.08865662385289e-09
519	114484514	mifepristone	2.8536263576794905e-09
520	114484640	pentamidine	2.8352145967281417e-09
521	114484540	nabumetone	2.790793329598581e-09
522	114484697	probucol	2.7670394045127163e-09
523	114484525	mitoxantrone	2.639132253925857e-09
524	114484564	nifedipine	2.539335141469809e-09
525	114484148	diazepam	2.462654343060457e-09
526	114485348	ly2835219	2.4033918785377337e-09
527	114485341	l-tryptophan	2.35431314352496e-09
528	114484379	isoniazid	2.231726005226596e-09
529	114484917	triamterene	1.946984161348852e-09
530	114484680	ponesimod	1.927598318859244e-09
531	114484199	efalizumab	1.8766386713159603e-09
532	114484184	doxorubicin	1.8454909540315614e-09
533	114484800	siponimod	1.7832556633462258e-09
534	114484851	telotristat ethyl	1.6426729487541123e-09
535	114483872	altretamine	1.6324373274329925e-09
536	114484852	telotristat	1.5705523405259862e-09
537	114484337	hydralazine	1.5195947240415394e-09
538	114484316	glasdegib	1.4566004085256284e-09
539	114483898	anthralin	1.4080329867209994e-09
540	114483870	alprazolam	1.4070262934493041e-09
541	114483853	ademetionine	1.3954810824884464e-09
542	114483927	axitinib	1.3915832831549655e-09
543	114483911	artemisinin	1.3741037567118392e-09
544	114484807	sonidegib	1.3725009012801268e-09
545	114484797	simeprevir	1.2849714702873525e-09
546	114485326	guanfacine extended release	1.2459337430033513e-09
547	114484929	trimethoprim	1.2442857987688407e-09
548	114484132	desmopressin	1.2257654212707265e-09
549	114484015	carbetocin	1.2126066585069636e-09
550	114484955	vasopressin	1.1504469596477615e-09
551	114484329	halofantrine	1.1424911873332325e-09
552	114484930	trimetrexate	1.0786733063389863e-09
553	114483919	atosiban	1.0685322574483494e-09
554	114484475	meclizine	1.0380117351402774e-09
555	114483937	belantamab mafodotin	1.0170251386521018e-09
556	114485104	nandrolone	1.0095589888596997e-09
557	114484619	oxytocin	1.0074660761989727e-09
558	114484620	ozanimod	9.829807784723043e-10
559	114484136	dexamethasone	9.503450224017976e-10
560	114484418	leucovorin	9.428140183895516e-10
561	114484454	lorlatinib	9.233123558486869e-10
562	114484277	fingolimod	8.895233611442512e-10
563	114485389	sufinpyrazone	8.368189999312115e-10
564	114484185	dronabinol	8.245863493784204e-10
565	114484017	carfilzomib	7.941635987168018e-10
566	114485224	gallium oxodotreotide	7.667952897653966e-10
567	114485369	pf-04971729	7.111260386087597e-10
568	114484370	ipilimumab	6.597346801119819e-10
569	114483862	alirocumab	6.475445188257183e-10
570	114484115	dapsone	6.302988619221176e-10
571	114485140	ramosetron	6.154172272401342e-10
572	114484255	evolocumab	6.130085815039341e-10
573	114484231	ertugliflozin	5.82591705406224e-10
574	114483904	aprepitant	5.808676522510682e-10
575	114485002	aclarubicin	5.781891802794767e-10
576	114484932	trioxsalen	5.711018783734043e-10
577	114485287	azasetron	5.680045741333312e-10
578	114485421	dequalinium	5.538388788250335e-10
579	114484835	tafamidis	5.395134608953156e-10
580	114484885	tiludronic acid	5.338155484068766e-10
581	114484624	palonosetron	5.036291247411697e-10
582	114484724	raltegravir	4.98753573491343e-10
583	114484966	viloxazine	4.925479080200856e-10
584	114485059	flavone	4.840089491867197e-10
585	114484806	solriamfetol	4.693289130941707e-10
586	114484278	flecainide	4.678616021849544e-10
587	114485359	mozavaptan	4.605323966939672e-10
588	114484366	inebilizumab	4.5841366097042554e-10
589	114485036	cromoglicic acid	4.460828854921417e-10
590	114484065	cladribine	4.4287735505565646e-10
591	114484920	triclabendazole	4.3969549434784567e-10
592	114485268	&delta;<sup>9</sup>-tetrahydrocannabinol	4.305860401710486e-10
593	114484523	misoprostol	4.2224677374408673e-10
594	114484159	diltiazem	4.1864937927516916e-10
595	114484445	lodoxamide	4.0805498705143535e-10
596	114485205	cromolyn	3.999925548799508e-10
597	114485318	fadrozole	3.8488775957072056e-10
598	114484470	maraviroc	3.8390617125322435e-10
599	114485336	ipi-145	3.787075686194984e-10
600	114483947	benzoin	3.757604721256849e-10
601	114483951	bepridil	3.6511803871543285e-10
602	114485356	misoprostol (methyl ester)	3.622479763031658e-10
603	114485299	carazolol	3.529796095341923e-10
604	114484683	pralatrexate	3.4965002119015544e-10
605	114484662	phenytoin	3.4386543890646943e-10
606	114484820	sulfaphenazole	3.435618721719068e-10
607	114484234	esketamine	3.3928110472296553e-10
608	114485349	marinol	3.3769314743568806e-10
609	114484789	semaglutide	3.308605280594097e-10
610	114484575	nitrendipine	3.2326189383879697e-10
611	114485317	exendin-4	3.1572926703324897e-10
612	114484953	vardenafil	3.078068300153277e-10
613	114485376	r0-93877	3.0727025912601667e-10
614	114484751	rimonabant	3.046556207325736e-10
615	114484441	liraglutide	3.0200717283408625e-10
616	114484713	prucalopride	2.901432862076127e-10
617	114484894	tizanidine	2.8593899236726394e-10
618	114484444	lixisenatide	2.828866163042954e-10
619	114484193	duvelisib	2.8282115134879095e-10
620	114483906	arformoterol	2.82704915762078e-10
621	114484257	exenatide	2.8168347247369696e-10
622	114484521	mirabegron	2.8162682341344717e-10
623	114484810	sotalol	2.81077054786287e-10
624	114484541	nadolol	2.806559011247281e-10
625	114484320	glucagon	2.798637294226028e-10
626	114483968	bisoprolol	2.797714801538112e-10
627	114485169	tetrodotoxin	2.79349275741859e-10
628	114484167	diphenoxylate	2.770168631683095e-10
629	114484102	cytarabine	2.742596078348097e-10
630	114485069	gamma-aminobutyric acid	2.742039170267126e-10
631	114485371	pge<sub>2</sub>	2.720053867149054e-10
632	114484535	moxetumomab pasudotox	2.6730573870152287e-10
633	114483860	alfacalcidol	2.670912977766744e-10
634	114483955	betaxolol	2.650933262688145e-10
635	114484886	timolol	2.6431624332097157e-10
636	114485324	glucagon recombinant	2.63687087715773e-10
637	114484071	clenbuterol	2.636713663030362e-10
638	114485035	conjugated estrogens	2.5861822059273913e-10
639	114485021	bupranolol	2.553419646644263e-10
640	114485309	dexamfetamine	2.453734528839124e-10
641	114484324	granisetron	2.451674877019081e-10
642	114484914	treprostinil	2.3685143674393625e-10
643	114484682	practolol	2.355262913588841e-10
644	114484143	dexmethylphenidate	2.343721427235279e-10
645	114485370	pge<sub>1</sub>	2.3293278393394693e-10
646	114483844	acebutolol	2.30177662109104e-10
647	114483874	alvimopan	2.2868086186616895e-10
648	114484346	hyoscyamine	2.2786904678545893e-10
649	114485232	inamrinone	2.18840408181924e-10
650	114485149	salbutamol	2.1578171008846159e-10
651	114485000	aceclidine	2.1486686080661067e-10
652	114484369	inotuzumab ozogamicin	2.1348698666668618e-10
653	114484765	ropinirole	2.122549910383514e-10
654	114484638	pemoline	2.0955889874003488e-10
655	114484422	levobetaxolol	2.0577829965074068e-10
656	114485084	lacosamide	2.0278185931858682e-10
657	114485015	benzatropine	2.0250947646467852e-10
658	114483888	amlodipine	2.023486641253683e-10
659	114485213	erlosamide	1.9997502666250291e-10
660	114484496	methscopolamine	1.9962506995304868e-10
661	114484740	revefenacin	1.9792503692068132e-10
662	114483966	biperiden	1.9741368939370398e-10
663	114484392	ketamine	1.9699585561963095e-10
664	114484673	pirenzepine	1.926013518743433e-10
665	114484572	nisoldipine	1.921246404912909e-10
666	114485164	tandospirone	1.914527954197029e-10
667	114485226	glycopyrrolate	1.910553430530406e-10
668	114484805	solifenacin	1.902450777335364e-10
669	114485006	alprenolol	1.9020876255173855e-10
670	114485240	methacycline	1.8691207661443075e-10
671	114485110	olmesartan	1.866496282489872e-10
672	114483851	aclidinium	1.8633472176617237e-10
673	114484529	modafinil	1.852823382015616e-10
674	114484782	scopolamine	1.8513549125989592e-10
675	114484163	dinoprostone	1.8350812870841653e-10
676	114484377	isoetharine	1.8343777996224014e-10
677	114485113	orciprenaline	1.817639128057476e-10
678	114484356	iloprost	1.8110100125485425e-10
679	114485211	dimethindene	1.8020800468299642e-10
680	114484371	ipratropium	1.7758325518916568e-10
681	114485132	procaterol	1.7655559650339728e-10
682	114485423	homatropine	1.7638167937805174e-10
683	114484834	tadalafil	1.7468270472458917e-10
684	114484946	umeclidinium	1.735218340415623e-10
685	114484597	olodaterol	1.726664783197119e-10
686	114484271	fenoterol	1.7175228570122719e-10
687	114485148	rupatadine	1.7044389427221275e-10
688	114484775	salmeterol	1.7001397071251507e-10
689	114485354	methylscopolamine	1.6686250752247443e-10
690	114485345	levalbuterol	1.660588134015224e-10
691	114485234	levocetirizine dihydrochloride	1.6328670929066206e-10
692	114485363	ngf	1.6291946772044735e-10
693	114484092	crisaborole	1.6290851399723095e-10
694	114483864	alitretinoin	1.6057125744996872e-10
695	114484730	ranolazine	1.5967634685369494e-10
696	114485089	lipoic acid	1.5954410244282274e-10
697	114484510	mibefradil	1.5850127280920094e-10
698	114485239	metaproterenol	1.5800955190781442e-10
699	114484843	tazarotene	1.579501851801829e-10
700	114483885	amisulpride	1.5742780018810244e-10
701	114484280	fluconazole	1.5601256849874612e-10
702	114485064	forasartan	1.5577867258378857e-10
703	114484779	saralasin	1.5560924083942575e-10
704	114484963	vilanterol	1.5480598820335188e-10
705	114484036	cetirizine	1.5446835919084988e-10
706	114485166	tasosartan	1.5443510389966462e-10
707	114484933	tripelennamine	1.5374470435597e-10
708	114484018	cariprazine	1.5323721368110488e-10
709	114485042	dicoumarol	1.5202278460619876e-10
710	114485203	chenodiol	1.5176042317374442e-10
711	114484934	triprolidine	1.509917521856494e-10
712	114483896	angiotensin ii	1.496912791830083e-10
713	114484122	daunorubicin	1.4909882254731122e-10
714	114484269	fenoldopam	1.4869479118442947e-10
715	114484950	valsartan	1.4809881844273319e-10
716	114484589	octreotide	1.4640306171351194e-10
717	114484220	ephedrine	1.4617596881856587e-10
718	114484838	tamsulosin	1.440614981771294e-10
719	114484301	formoterol	1.4374272960900615e-10
720	114485063	flupentixol	1.4319320747890515e-10
721	114485411	estramustine	1.4298998772519182e-10
722	114484431	levosalbutamol	1.4235618599555318e-10
723	114485235	lipoic acid, alpha	1.4098748970884086e-10
724	114485123	perospirone	1.4083745334632349e-10
725	114485274	(<i>r</i>)-cetirizine	1.407409538878707e-10
726	114484334	hexylcaine	1.3993972912507408e-10
727	114485188	albuterol	1.3993100942704728e-10
728	114485196	benztropine	1.3946449951205512e-10
729	114483962	bilastine	1.3945974163181593e-10
730	114485312	e-2007	1.393481505313928e-10
731	114484162	dinoprost	1.3760557303682458e-10
732	114484273	fexofenadine	1.3731755241454056e-10
733	114483979	brexpiprazole	1.371438218072321e-10
734	114484000	cabergoline	1.370991416858868e-10
735	114484099	cyclosporine	1.3671415209311363e-10
736	114485024	candesartan	1.365897986370634e-10
737	114484456	losartan	1.3610811537727962e-10
738	114485130	pregnenolone	1.3542857720511323e-10
739	114484768	rotigotine	1.3505898496394015e-10
740	114485031	chenodeoxycholic acid	1.3469831839095798e-10
741	114484979	warfarin	1.3432117637931358e-10
742	114484142	dexmedetomidine	1.342521383538755e-10
743	114483932	baclofen	1.3421780115984458e-10
744	114484685	pramipexole	1.341274791659631e-10
745	114485233	isoproterenol	1.336998277999509e-10
746	114485082	isoprenaline	1.332774179977222e-10
747	114484463	lurasidone	1.3290481637010466e-10
748	114485194	benoxinate	1.3261832962376838e-10
749	114484587	obeticholic acid	1.3233033094865161e-10
750	114484522	mirtazapine	1.3078110232211586e-10
751	114485125	phenyltoloxamine	1.3055462340314422e-10
752	114484447	lofexidine	1.2996815543558808e-10
753	114485315	ergotidine	1.295167715413612e-10
754	114484345	hydroxyzine	1.28957492773479e-10
755	114485043	dimetindene	1.2840529864933049e-10
756	114485168	terguride	1.28162249079664e-10
757	114483915	atenolol	1.2796173063030516e-10
758	114484613	oxybutynin	1.2544842912364436e-10
759	114485229	haloperidol decanoate	1.252876503089407e-10
760	114484222	epinephrine	1.250091413708817e-10
761	114485273	(-)-sulpiride	1.2464996787278085e-10
762	114484079	clothiapine	1.219210519891177e-10
763	114485171	tirzepatide	1.2189230775020448e-10
764	114485351	meglitinides	1.215651151157485e-10
765	114484762	rolapitant	1.2155781633989782e-10
766	114484272	fentanyl	1.2087124653368078e-10
767	114485365	opc-34712	1.2037381367944436e-10
768	114483875	amantadine	1.2032087193484104e-10
769	114484644	perampanel	1.2024243548036442e-10
770	114484187	droperidol	1.1991778583193216e-10
771	114485023	camostat	1.1954194556849708e-10
772	114484827	sumatriptan	1.177686630706565e-10
773	114484365	indoramin	1.1737237069763784e-10
774	114484468	maprotiline	1.1732563050088171e-10
775	114484559	netupitant	1.1633513958956692e-10
776	114483972	blinatumomab	1.1485798592558848e-10
777	114484427	levofloxacin	1.1483842321874095e-10
778	114485208	dichlorphenamide	1.1421207781479815e-10
779	114483982	brimonidine	1.1389048435167009e-10
780	114483941	benperidol	1.1339421355590776e-10
781	114484047	chlorprothixene	1.1181829425418069e-10
782	114483987	bromocriptine	1.1128750573259173e-10
783	114484336	histamine	1.1114789938595142e-10
784	114484670	pindolol	1.0967676550451824e-10
785	114484458	loxapine	1.0962252659171216e-10
786	114483902	apraclonidine	1.0961399523602159e-10
787	114485207	dibucaine	1.0931015777284847e-10
788	114484355	iloperidone	1.0819019806275451e-10
789	114485372	pgi<sub>2</sub>	1.0790110821759515e-10
790	114484491	methazolamide	1.0727349590131449e-10
791	114484246	etidocaine	1.0643059824576899e-10
792	114484899	tolfenamic acid	1.0622268680397578e-10
793	114485025	carbamoylcholine	1.0602685285354781e-10
794	114484896	tolazoline	1.0577051963091819e-10
795	114484581	norepinephrine	1.0554708634564157e-10
796	114484322	glycopyrronium	1.0549815141622182e-10
797	114483922	atropine	1.0481772853183801e-10
798	114484623	paliperidone	1.0381845034139851e-10
799	114484857	terazosin	1.0355435022391784e-10
800	114485093	mepyramine	1.0202372599758216e-10
801	114484168	dipyridamole	1.0180405363811788e-10
802	114485392	talipexole	1.017525716364501e-10
803	114485127	pipotiazine	1.0117225832157743e-10
804	114484517	miglustat	9.955958204933922e-11
805	114484636	pemetrexed	9.950211783087216e-11
806	114485300	careram	9.946316282710073e-11
807	114485018	blonanserin	9.923604240810205e-11
808	114485270	(-)-adrenaline	9.877635088072216e-11
809	114484736	remoxipride	9.855581621724427e-11
810	114484905	topiramate	9.831617911407913e-11
811	114484362	indapamide	9.719854990362658e-11
812	114484158	dihydroergotamine	9.655133303303088e-11
813	114485252	pyrithione zinc	9.64854081659095e-11
814	114484326	guanabenz	9.640102269591188e-11
815	114485212	ergonovine	9.60242178380855e-11
816	114484411	leflunomide	9.583837302470781e-11
817	114484582	norfloxacin	9.50577090304771e-11
818	114484551	nebivolol	9.430113748114569e-11
819	114484049	chlorthalidone	9.2577176406193e-11
820	114484867	tetracaine	9.257520602199543e-11
821	114484592	ofloxacin	9.23199726251092e-11
822	114484250	etonogestrel	9.203752507152345e-11
823	114484401	lamotrigine	9.148772953124943e-11
824	114484095	crofelemer	9.133517195109292e-11
825	114484302	fosaprepitant	9.077507299723321e-11
826	114485144	rilmenidine	8.95257038267092e-11
827	114483995	buspirone	8.858203542139765e-11
828	114484795	sildenafil	8.843570065182934e-11
829	114484243	ethoxzolamide	8.807266288267927e-11
830	114484429	levonorgestrel	8.770942603344959e-11
831	114484548	naphazoline	8.735754736669778e-11
832	114485271	(-)-noradrenaline	8.725739120496193e-11
833	114483983	brinzolamide	8.662721306604598e-11
834	114484467	malathion	8.640343971473209e-11
835	114484919	trichlormethiazide	8.554077469415144e-11
836	114484165	diphenhydramine	8.516309660792755e-11
837	114484536	moxonidine	8.413366189204656e-11
838	114483910	armodafinil	8.361668857434996e-11
839	114484077	clonidine	8.353196122087264e-11
840	114484133	desogestrel	8.351107109059487e-11
841	114485378	rhucin	8.255797558952171e-11
842	114484466	mafenide	8.232151294845239e-11
843	114484397	ketotifen	8.12247489366791e-11
844	114484088	conivaptan	7.971778704280395e-11
845	114485390	sulfamylon	7.965296156219788e-11
846	114484888	tiotropium	7.920227769352054e-11
847	114485237	mepazine	7.905545997378844e-11
848	114484675	pitolisant	7.836902745334852e-11
849	114485391	t<sub>4</sub>	7.821487747523391e-11
850	114483852	adapalene	7.806413759241956e-11
851	114485373	pizotyline	7.766112443184673e-11
852	114484999	abrocitinib	7.688348636518184e-11
853	114484847	tegaserod	7.61942374621717e-11
854	114484664	pilocarpine	7.563903841171494e-11
855	114484361	indacaterol	7.467870678760874e-11
856	114485078	ibudilast	7.443559167367192e-11
857	114484354	ifenprodil	7.434272541897034e-11
858	114485269	(+-)-tetrahydropalmatine	7.416079273368806e-11
859	114484661	phenylephrine	7.408790750623399e-11
860	114485118	peficitinib	7.349336479388442e-11
861	114484327	guanfacine	7.343512436378073e-11
862	114484706	propantheline	7.342716200753829e-11
863	114484922	triclosan	7.284515240261245e-11
864	114483845	aceclofenac	7.227562361113401e-11
865	114484739	resorcinol	7.112796713430756e-11
866	114483901	apomorphine	7.026436852088035e-11
867	114484485	mesoridazine	7.02150802615585e-11
868	114484507	metyrapone	6.919156923763684e-11
869	114484601	ondansetron	6.90054893689314e-11
870	114484039	cevimeline	6.875294754223485e-11
871	114484091	coumarin	6.852783272850945e-11
872	114484951	vancomycin	6.846647543342946e-11
873	114484667	pimozide	6.769797773096331e-11
874	114484898	tolcapone	6.768791598364638e-11
875	114484715	pyrimethamine	6.699889006156626e-11
876	114485375	quinolones	6.59065113256991e-11
877	114484152	dicyclomine	6.515288278467388e-11
878	114484859	terbutaline	6.439097467604305e-11
879	114485124	phenylbutyric acid	6.358009283211011e-11
880	114485038	delgocitinib	6.10088280858103e-11
881	114485335	incruse ellipta	6.056510411335372e-11
882	114484903	tolterodine	6.025989720481012e-11
883	114484117	darifenacin	5.937481159111101e-11
884	114484947	upadacitinib	5.922793052546493e-11
885	114484938	tropicamide	5.897917539925954e-11
886	114484186	dronedarone	5.772931872764472e-11
887	114484726	ramelteon	5.6572984442527684e-11
888	114484173	dofetilide	5.629289716861469e-11
889	114484314	gemfibrozil	5.5290290002530174e-11
890	114483988	brompheniramine	5.45512840754963e-11
891	114484412	lemborexant	5.385782226265359e-11
892	114484869	tezacaftor	5.323281874305998e-11
893	114484045	chlorpheniramine	5.318654962500897e-11
894	114484493	methotrexate	5.284993805440074e-11
895	114484841	tasimelteon	5.236006885830025e-11
896	114484650	pertuzumab	5.1866137074600134e-11
897	114484878	thiothixene	5.121989607089535e-11
898	114484344	hydroxychloroquine	5.10128855524031e-11
899	114485397	triiodothyronine	5.0529509723500773e-11
900	114485136	pyrotinib	5.0270285051151816e-11
901	114484716	pyrvinium	4.9804089841568295e-11
902	114484203	elexacaftor	4.9714568933951777e-11
903	114484350	icatibant	4.944469546326375e-11
904	114485007	ambroxol	4.8766519970198115e-11
905	114484149	dibenzepin	4.861980215362083e-11
906	114484943	tucatinib	4.840798357654125e-11
907	114484386	ivacaftor	4.829085400880974e-11
908	114484700	procyclidine	4.743529341316407e-11
909	114485360	n-methyl scopolamine	4.702419321107828e-11
910	114484459	lumacaftor	4.6889635416882726e-11
911	114484060	ciprofibrate	4.56537894454463e-11
912	114484923	trifarotene	4.4620264114363633e-11
913	114485116	pacritinib	4.4324389342555676e-11
914	114484629	papaverine	4.423064141528092e-11
915	114484520	miltefosine	4.3992875121876094e-11
916	114484061	ciprofloxacin	4.3954872891578267e-11
917	114484208	emicizumab	4.378134088290029e-11
918	114484216	enoximone	4.372652360086808e-11
919	114485277	acocantherin	4.324437521460825e-11
920	114485163	tamibarotene	4.283599903259456e-11
921	114484108	dacomitinib	4.2692851802190453e-11
922	114484693	prenylamine	4.244115797453975e-11
923	114485282	allyl isothiocyanate	4.2274170583889905e-11
924	114484461	lumefantrine	4.1923327715926976e-11
925	114484274	filgotinib	4.151805155203882e-11
926	114485019	budipine	4.1319013465881955e-11
927	114485107	niflumic acid	4.0912415518316e-11
928	114484774	salicylic acid	4.066582703941871e-11
929	114484864	terodiline	4.066078955716187e-11
930	114484100	cyclothiazide	4.0370299662952894e-11
931	114484488	methacholine	4.029250494732238e-11
932	114485183	vesnarinone	4.0114753932758173e-11
933	114484897	tolbutamide	3.9763392457305115e-11
934	114484210	emtricitabine	3.937576079042083e-11
935	114484974	vorapaxar	3.8770947032716243e-11
936	114485314	eicosapentaenoic acid/docosa-hexaenoic acid	3.874591619227495e-11
937	114484971	vismodegib	3.852602493490222e-11
938	114484505	metolazone	3.8236114842775366e-11
939	114484948	valbenazine	3.821110103147738e-11
940	114485197	betamethasone phosphoric acid	3.817945143770177e-11
941	114483836	abacavir	3.80524071347509e-11
942	114484057	cimetidine	3.769267080726343e-11
943	114484030	cefsulodin	3.7643462858327776e-11
944	114484349	ibutilide	3.760295332648467e-11
945	114485306	cyclosporin a	3.716825380769135e-11
946	114484400	lamivudine	3.715705843253549e-11
947	114485114	orelabrutinib	3.700952365694589e-11
948	114484633	pasireotide	3.692484116835601e-11
949	114485040	dextropropoxyphene	3.664117810719413e-11
950	114484174	dolasetron	3.6635443703282284e-11
951	114484363	indinavir	3.64382362043948e-11
952	114484872	thiabendazole	3.593583419560707e-11
953	114485170	tirabrutinib	3.582681683906211e-11
954	114485310	dihydrotestosterone	3.5321655127760074e-11
955	114484687	prasterone	3.5318485093747764e-11
956	114484591	ofatumumab	3.5246967169137033e-11
957	114484041	chlorhexidine	3.495828474349526e-11
958	114484987	zanubrutinib	3.4741484944167925e-11
959	114484813	stavudine	3.445054596143739e-11
960	114484180	dorzolamide	3.434732592155249e-11
961	114484747	riluzole	3.407485799547757e-11
962	114485292	bestatin	3.3719234777834356e-11
963	114484588	ocrelizumab	3.3296144944298893e-11
964	114484756	rituximab	3.277968456879097e-11
965	114484399	lacidipine	3.274842999668137e-11
966	114485004	aldosterone	3.258497535744468e-11
967	114485402	zoledronate	3.2527201090581876e-11
968	114484338	hydrochlorothiazide	3.2228358112647753e-11
969	114484527	mobocertinib	3.20086026875163e-11
970	114484552	necitumumab	3.1894043574558484e-11
971	114485080	icotinib	3.1689875971065754e-11
972	114484028	cefixime	3.1602816867236785e-11
973	114484626	panitumumab	3.158241877541507e-11
974	114483974	bortezomib	3.1470344848998297e-11
975	114484595	olaratumab	3.1106790564421416e-11
976	114484341	hydroflumethiazide	3.0988871836984055e-11
977	114484294	flutamide	3.075196906054553e-11
978	114485294	bibw 2992	3.072090394014469e-11
979	114483899	apalutamide	3.0699550142836715e-11
980	114485424	levomethadyl	3.0394981820878773e-11
981	114484508	mexiletine	3.0248959509840453e-11
982	114484531	molindone	3.016436259392594e-11
983	114485041	diclofenamide	3.0123327188902697e-11
984	114483943	benserazide	3.0065270064797835e-11
985	114485396	topetecan	3.003862388112306e-11
986	114484289	fluoxymesterone	2.9863953391769283e-11
987	114484761	roflumilast	2.981777045880691e-11
988	114485283	almonertinib	2.966675258218505e-11
989	114484567	nilutamide	2.961944885941467e-11
990	114484406	larotrectinib	2.956842863031802e-11
991	114485111	olmutinib	2.934280489885604e-11
992	114484449	lonafarnib	2.926163009862731e-11
993	114484038	cetuximab	2.9197692186462044e-11
994	114483990	bumetanide	2.891934423948109e-11
995	114483891	amphetamine	2.882170954078916e-11
996	114483967	bisacodyl	2.862376832071943e-11
997	114483931	bacitracin	2.8267543540865508e-11
998	114484479	melatonin	2.821393382888673e-11
999	114484689	prazosin	2.819946790210418e-11
1000	114484681	posaconazole	2.807530283127288e-11
1001	114484067	clascoterone	2.7987762276313198e-11
1002	114485150	salicylamide	2.7983245449948538e-11
1003	114485030	cetrimonium	2.797415392736107e-11
1004	114484118	darolutamide	2.7864757883129646e-11
1005	114485285	arn-509	2.7830024568918628e-11
1006	114483936	bedaquiline	2.7551899769967533e-11
1007	114484891	tirbanibulin	2.7401647055061447e-11
1008	114484826	sulthiame	2.729229210016317e-11
1009	114483854	adenosine	2.714128037301964e-11
1010	114484172	docetaxel	2.709823501735549e-11
1011	114483837	abaloparatide	2.7034111052882397e-11
1012	114483887	amlexanox	2.687373326769666e-11
1013	114485153	sivelestat	2.6514062024377914e-11
1014	114485393	taxol	2.6257720648628553e-11
1015	114484430	levorphanol	2.6162569812883164e-11
1016	114484373	irbesartan	2.570191122845846e-11
1017	114484786	selinexor	2.56263063841761e-11
1018	114484906	topotecan	2.541050964342454e-11
1019	114483847	acetazolamide	2.521806295464125e-11
1020	114484600	onapristone	2.5208847207249478e-11
1021	114484340	hydrocortisone	2.5162097429758307e-11
1022	114485067	futibatinib	2.4971034728980197e-11
1023	114484134	desoximetasone	2.4854389159529824e-11
1024	114484503	methysergide	2.4835983786701343e-11
1025	114485327	guggulsterone	2.482454689807923e-11
1026	114485308	deucravacitinib	2.4805202455357126e-11
1027	114485350	medroxyprogesterone	2.465727086749158e-11
1028	114484534	morphine	2.448500457820937e-11
1029	114484119	darunavir	2.441790155296125e-11
1030	114484526	mizolastine	2.432638802809797e-11
1031	114483934	baricitinib	2.4205535611599144e-11
1032	114484225	eprosartan	2.4115964435198852e-11
1033	114485202	cetrimide	2.406162057108184e-11
1034	114483960	bicalutamide	2.4034734047375922e-11
1035	114485332	hydroxyflutamide	2.3953332419120047e-11
1036	114485330	hif-1alpha	2.3894862080993787e-11
1037	114485260	sotorasib	2.374847933697965e-11
1038	114485291	beclometasone	2.3676990364596764e-11
1039	114484637	pemigatinib	2.364604980411966e-11
1040	114484008	cannabidiol	2.358470896054516e-11
1041	114484188	drospirenone	2.33411008707128e-11
1042	114485385	ski-758	2.3329369680437424e-11
1043	114483961	bifonazole	2.3295718379305443e-11
1044	114485408	cortisone	2.3236089744963968e-11
1045	114485190	amivantamab	2.3214424175768488e-11
1046	114484068	clavulanic acid	2.3141483247002852e-11
1047	114484054	ciclesonide	2.2844080615797827e-11
1048	114484219	enzalutamide	2.2492169958566805e-11
1049	114484778	saquinavir	2.238789118275987e-11
1050	114484691	prednisone	2.236166462087035e-11
1051	114484501	methylprednisolone	2.2239038483314012e-11
1052	114484275	finasteride	2.209677771304572e-11
1053	114485414	fluticasone	2.2012209667161294e-11
1054	114484286	fluocinonide	2.195022653970233e-11
1055	114484291	flurandrenolide	2.185694288959923e-11
1056	114484236	esomeprazole	2.182604234966425e-11
1057	114485413	fluocinolone	2.1766024358922836e-11
1058	114485367	pecazine	2.1755849336878852e-11
1059	114483971	bleomycin	2.1750346639135943e-11
1060	114484862	teriflunomide	2.1693769980840578e-11
1061	114484284	flunisolide	2.160898845418904e-11
1062	114485210	diflorasone diacetate	2.142400635215884e-11
1063	114485331	hm61713	2.1342118501495548e-11
1064	114484227	erdafitinib	2.120230800154852e-11
1065	114484825	sulpiride	2.0940829249781324e-11
1066	114484157	digoxin	2.0626229951620205e-11
1067	114484916	triamcinolone	2.0572014864302516e-11
1068	114483954	betamethasone	2.0234185340997e-11
1069	114484817	sulfadimethoxine	2.018760158049574e-11
1070	114484538	mycophenolic acid	2.0000017480857702e-11
1071	114485352	mepenzolic acid	1.999900061516721e-11
1072	114484599	omeprazole	1.9582275267926696e-11
1073	114484502	methyltestosterone	1.939308125747436e-11
1074	114485109	norethisterone	1.9294592019537806e-11
1075	114484863	teriparatide	1.928444049470553e-11
1076	114484161	dimercaprol	1.928136538143618e-11
1077	114485186	zuclopenthixol	1.9220205360178108e-11
1078	114485305	cortisol	1.8674395033034998e-11
1079	114484296	flutrimazole	1.853846847147133e-11
1080	114484651	pexidartinib	1.852624506564392e-11
1081	114484701	proflavine	1.847773356620444e-11
1082	114485143	rifampicin	1.840650833803461e-11
1083	114484655	phenol	1.8397652334019206e-11
1084	114485284	alpha 1-pi	1.833215848622254e-11
1085	114484785	selexipag	1.8061948467583238e-11
1086	114484907	toremifene	1.7744822419392678e-11
1087	114484617	oxyphenonium	1.7724070427170665e-11
1088	114485409	cyproterone	1.770214113671865e-11
1089	114484403	lanreotide	1.767780165076505e-11
1090	114484742	ribociclib	1.7399021773278515e-11
1091	114484307	furosemide	1.714899325814948e-11
1092	114484343	hydroquinone	1.7001695182658002e-11
1093	114485313	edotreotide	1.6986960551288995e-11
1094	114485062	fludrocortisone	1.695493168013253e-11
1095	114485099	mometasone	1.6859016448792562e-11
1096	114484684	pralsetinib	1.6839947253327945e-11
1097	114484473	mebendazole	1.674207714254667e-11
1098	114484750	rimexolone	1.6727807071984838e-11
1099	114485279	adenosine triphosphate	1.6239112187934868e-11
1100	114484195	dydrogesterone	1.6189369706285053e-11
1101	114483897	anifrolumab	1.592226944273289e-11
1102	114485098	mitapivat	1.5897646263618066e-11
1103	114485182	vapreotide	1.5880225238908623e-11
1104	114484562	niclosamide	1.5841668388486073e-11
1105	114484904	tolvaptan	1.5815794348516287e-11
1106	114484892	tirofiban	1.572284849229532e-11
1107	114485320	flumbatinib	1.570024748660957e-11
1108	114484229	eribulin	1.551314256869436e-11
1109	114485425	ulipristal	1.539004865255365e-11
1110	114484603	orlistat	1.5187306686944302e-11
1111	114483926	avapritinib	1.5132851611287654e-11
1112	114483908	arginine	1.50739567352666e-11
1113	114484004	calcitriol	1.4947142891913495e-11
1114	114485329	hbi-8000	1.48066587924221e-11
1115	114484993	zoledronic acid	1.4748828067341888e-11
1116	114485135	promegestone	1.464784793039761e-11
1117	114484264	felodipine	1.463562792075109e-11
1118	114484734	regorafenib	1.4621286361350412e-11
1119	114484836	talazoparib	1.461975173002761e-11
1120	114484226	eptifibatide	1.4617277850744745e-11
1121	114484414	lenvatinib	1.4600161913948785e-11
1122	114484788	selumetinib	1.45429379682236e-11
1123	114485145	ripasudil	1.4502033961656186e-11
1124	114484745	rifaximin	1.4478962388505062e-11
1125	114485209	dicumarol	1.4436740995245794e-11
1126	114484887	tioconazole	1.4417374366512126e-11
1127	114485094	merimepodib	1.4378049906926617e-11
1128	114484927	trilaciclib	1.4342960491602589e-11
1129	114483857	agomelatine	1.4307848724480524e-11
1130	114485415	megestrol	1.4126770695681087e-11
1131	114484942	tubocurarine	1.3848791697007377e-11
1132	114485085	laropiprant	1.384447421202485e-11
1133	114485146	rivoceranib	1.371805231202748e-11
1134	114484353	idoxuridine	1.3671420843635807e-11
1135	114484376	isoconazole	1.2919104003094695e-11
1136	114484109	dactinomycin	1.2797446965249446e-11
1137	114484328	halcinonide	1.2742395087399151e-11
1138	114485399	ximelegatran	1.2731245917422446e-11
1139	114483858	alectinib	1.262735571568826e-11
1140	114485405	chlormadinone	1.253442343849317e-11
1141	114484315	gilteritinib	1.2476998200908563e-11
1142	114484969	vinorelbine	1.2326313894524589e-11
1143	114483841	abiraterone	1.2296891471599359e-11
1144	114484855	tepotinib	1.2182251443515025e-11
1145	114485161	surufatinib	1.216868815754488e-11
1146	114484217	entacapone	1.2139754853414206e-11
1147	114484287	fluorometholone	1.213641686790127e-11
1148	114485419	cetylpyridinium	1.2060994604730814e-11
1149	114484055	ciclopirox	1.1921270947698508e-11
1150	114484621	paclitaxel	1.1641602279648643e-11
1151	114485152	savolitinib	1.1628925700312356e-11
1152	114484010	capmatinib	1.1569525465269946e-11
1153	114485286	asciminib	1.135789333163607e-11
1154	114484105	dacarbazine	1.1335247259543893e-11
1155	114484260	famotidine	1.131312135179298e-11
1156	114484596	oliceridine	1.1188604756774073e-11
1157	114483964	binimetinib	1.1113043763653261e-11
1158	114485119	peginesatide	1.0781159081668106e-11
1159	114485325	growth hormone 1	1.0735338414580203e-11
1160	114484189	droxidopa	1.0655832760245986e-11
1161	114484086	colchicine	1.0585487626467276e-11
1162	114484970	vinpocetine	1.0558130597175497e-11
1163	114484125	deferiprone	1.0545979247124695e-11
1164	114485052	erythropoietin	1.0544316929238766e-11
1165	114484451	lopinavir	1.0348644824757645e-11
1166	114484759	rizatriptan	1.0265458629506924e-11
1167	114484909	trametinib	1.0223233969713792e-11
1168	114485155	somatrogon	1.0115380196995068e-11
1169	114485092	maxacalcitol	1.0110030744719606e-11
1170	114485157	stearic acid	1.0050949005822786e-11
1171	114484831	tacalcitol	1.0039029126120118e-11
1172	114485022	calcipotriol	1.0037351097280882e-11
1173	114485275	1,25-dihydroxyvitamin d3	1.0022783484398503e-11
1174	114485088	levoketoconazole	9.959484929197296e-12
1175	114485302	catequentinib	9.954807415010232e-12
1176	114485266	trypan blue	9.864370619228556e-12
1177	114485117	palmitic acid	9.8047905663872e-12
1178	114483883	aminosalicylic acid	9.743844043839882e-12
1179	114484141	dexlansoprazole	9.603988465432106e-12
1180	114484972	vitamin e	9.600500006395553e-12
1181	114484783	secobarbital	9.450482953895616e-12
1182	114484586	noscapine	9.41311350345866e-12
1183	114484569	nimodipine	9.298915059728633e-12
1184	114485198	calcipotriene	9.265374474557405e-12
1185	114484594	olaparib	9.248778819078234e-12
1186	114484390	ixazomib	9.245990180674822e-12
1187	114484677	podofilox	9.14628936915171e-12
1188	114484009	cantharidin	9.085152189275473e-12
1189	114484083	cobimetinib	8.731756280293665e-12
1190	114484989	zidovudine	8.62563061189453e-12
1191	114485053	esaxerenone	8.56169644662549e-12
1192	114485244	niacinamide	8.538761242656275e-12
1193	114483996	busulfan	8.407164648693831e-12
1194	114484957	vemurafenib	8.324024348494027e-12
1195	114484973	voclosporin	8.314287179518478e-12
1196	114484777	sapropterin	8.290900745322747e-12
1197	114484156	digitoxin	8.266291301098076e-12
1198	114484612	oxitriptan	8.226797331155536e-12
1199	114484003	calcifediol	8.07655191673229e-12
1200	114484215	enoxacin	8.014363789652751e-12
1201	114485407	clobetasol	8.004135761307017e-12
1202	114484665	pimavanserin	7.903450622469196e-12
1203	114485091	lucanthone	7.816239895025145e-12
1204	114484276	finerenone	7.71569561545552e-12
1205	114484796	silodosin	7.69551478588541e-12
1206	114485151	sarpogrelate	7.589389614339457e-12
1207	114484607	ouabain	7.402441240531325e-12
1208	114484113	dapiprazole	7.361663494970142e-12
1209	114485106	nicotinamide	7.287762837491414e-12
1210	114484571	niraparib	7.146089834850172e-12
1211	114484967	vinblastine	6.98083172163118e-12
1212	114485338	ku-0058948	6.879222660730906e-12
1213	114484261	febuxostat	6.792386622260883e-12
1214	114484770	rucaparib	6.713476000150772e-12
1215	114484609	oxatomide	6.675870897466197e-12
1216	114483950	benzydamine	6.660147713811648e-12
1217	114484104	dabrafenib	6.5843710684338116e-12
1218	114484232	erythromycin	6.4724353933375885e-12
1219	114484021	carteolol	6.359866708408528e-12
1220	114485420	demeclocycline	6.2085606724410715e-12
1221	114484840	tapentadol	6.0092318930263825e-12
1222	114485247	phenylbutanoic acid	5.749608250025188e-12
1223	114484266	fenfluramine	5.705736963132636e-12
1224	114484722	rabeprazole	5.3367702884335184e-12
1225	114483871	alprostadil	5.3199403008103085e-12
1226	114485258	sodium phenylbutyrate	5.220792338076658e-12
1227	114484235	esmolol	5.147415845200786e-12
1228	114484138	dexfenfluramine	5.130622425055932e-12
1229	114484051	cholecalciferol	5.120451060338095e-12
1230	114485219	evans blue	4.9791713593124745e-12
1231	114484787	selpercatinib	4.636609451685074e-12
1232	114484097	cyclobenzaprine	4.6270026904926045e-12
1233	114485066	fruquintinib	4.347245584517993e-12
1234	114484780	sarilumab	4.287214659589173e-12
1235	114485353	metergolin	4.0463720033991664e-12
1236	114485165	tapinarof	3.997222540742556e-12
1237	114485100	mosapride	3.62364572127868e-12
1238	114484221	epinastine	3.6215961773968286e-12
1239	114485216	ethacrynic acid	3.619620588013663e-12
1240	114483846	acetaminophen	3.5754015274493197e-12
1241	114483945	benziodarone	3.5479654788303205e-12
1242	114484844	tazemetostat	3.5037830583035387e-12
1243	114484040	chlordiazepoxide	3.3103697738412323e-12
1244	114484435	lifitegrast	3.1928743109547644e-12
1245	114484925	trifluperidol	3.159142975849987e-12
1246	114484542	naftifine	3.1108233900802787e-12
1247	114485087	lestaurtinib	3.095653145795918e-12
1248	114485265	triparanol	3.0696939601567588e-12
1249	114484555	neomycin	2.9460438317898883e-12
1250	114483975	bosentan	2.938240556617388e-12
1251	114484728	ramucirumab	2.932353619700972e-12
1252	114485400	yn-968d1	2.923558441928299e-12
1253	114485020	buflomedil	2.9184348266117013e-12
1254	114485009	andrographolide	2.8775882586803278e-12
1255	114484056	cilostazol	2.833304917521112e-12
1256	114485034	clomifene	2.7284847049603667e-12
1257	114485112	opipramol	2.6473358883377287e-12
1258	114484484	meperidine	2.619147784023755e-12
1259	114485383	silymarin	2.5980620625020622e-12
1260	114484628	pantoprazole	2.5910898114014786e-12
1261	114484741	ribavirin	2.5435123923274524e-12
1262	114485057	fasudil	2.5010789814482003e-12
1263	114485192	belumosudil	2.4791747249186266e-12
1264	114484984	zalcitabine	2.2964255221327375e-12
1265	114485073	glutathione	2.2880244789669643e-12
1266	114484558	netarsudil	2.196393339271597e-12
1267	114484434	lidoflazine	2.1789358871106015e-12
1268	114484478	mefloquine	1.8386316676836824e-12
1269	114485201	carbetapentane	1.820687549566342e-12
1270	114484489	methadone	1.7885762120542414e-12
1271	114484738	reserpine	1.7767187486697122e-12
1272	114485129	pranlukast	1.4618601496079896e-12
1273	114484206	eltrombopag	1.4265505264316288e-12
1274	114485193	belzutifan	1.2603487674993125e-12
1275	114484124	decitabine	1.111097619517961e-12
1276	114484928	trimetazidine	9.840346205730098e-13
1277	114484380	isopropamide	9.665523147600974e-13
1278	114484024	cefaclor	9.452213752774093e-13
1279	114484253	etravirine	9.25607355823926e-13
1280	114484890	tipranavir	7.993097284356122e-13
1281	114483928	azacitidine	7.438834355606395e-13
1282	114484799	sincalide	7.366275729194397e-13
1283	114485262	sunitinib malate	6.515159794696976e-13
1284	114484565	nifuroxazide	5.283982482924568e-13
1285	114485026	cefalotin	3.9502898950283343e-13
1286	114484639	pentagastrin	3.840540779443468e-13
1287	114484318	glipizide	3.647029440975755e-13
1288	114485401	zithromax	3.4700756690741774e-13
1289	114484573	nitazoxanide	3.3197195285905827e-13
1290	114484410	lefamulin	3.237991621577435e-13
1291	114485374	psi-7977	3.2177292610093127e-13
1292	114484106	daclatasvir	3.157394926480385e-13
1293	114484696	probenecid	3.035114277359848e-13
1294	114484672	piperonyl butoxide	2.9077371927705896e-13
1295	114485126	piperaquine	2.675366878961921e-13
1296	114484112	dapagliflozin	2.2912014651806083e-13
1297	114484937	troleandomycin	2.1587896910024028e-13
1298	114484025	cefadroxil	1.5072125383625919e-13
1299	114484191	dupilumab	1.2048081818882296e-13
1300	114483892	amprenavir	6.175438216940087e-14
1301	114484512	midazolam	5.89948230290963e-14
1302	114485298	calcitonin (salmon)	4.7133658258128195e-14
1303	114484066	clarithromycin	4.3060371256757063e-14
1304	114484686	pramlintide	4.201864593403684e-14
1305	114485199	calcitonin	3.8220555412365617e-14
1306	114484126	deferoxamine	3.4636978658442804e-14
1307	114483984	brodalumab	9.442660309952248e-15
1308	114485342	lanoconazole	0.0
1309	114485340	l-phenylalanine	0.0
1310	114485368	pethidine	0.0
1311	114485362	nalfurafine hcl	0.0
1312	114485290	beclometasone dipropionate	0.0
1313	114485301	carperitide	0.0
1314	114485304	corbadrine	0.0
1315	114485307	daridorexant	0.0
1316	114485343	latanoprost (free acid form)	0.0
1317	114485357	mln9708	0.0
1318	114485361	nafronyl	0.0
1319	114485358	motilin	0.0
1320	114485398	vitamin b3	0.0
1321	114485355	minodronate	0.0
1322	114485347	lh	0.0
1323	114485346	lgx818	0.0
1324	114485344	latanoprost (isopropyl ester)	0.0
1325	114485295	bms-201038	0.0
1326	114485293	beta-carotene	0.0
1327	114485272	(-)-pentazocine	0.0
1328	114485278	acth	0.0
1329	114485281	alendronate	0.0
1330	114485311	dti-015	0.0
1331	114485417	sodium	0.0
1332	114485404	zucapsacin	0.0
1333	114485416	monomethyl	0.0
1334	114485377	retigabine	0.0
1335	114485379	rifamycin sv	0.0
1336	114485189	alpidem	0.0
1337	114485195	benzarone	0.0
1338	114485206	dcfpyl	0.0
1339	114485333	ibutamoren	0.0
1340	114485214	erythromycin estolate	0.0
1341	114485215	estrone sulfuric acid	0.0
1342	114485236	menthol	0.0
1343	114485241	methamphetamine	0.0
1344	114485246	olmesartan medoxomil	0.0
1345	114485250	pramoxine	0.0
1346	114485257	secretin	0.0
1347	114485259	sodium phosphate	0.0
1348	114485261	sulfur, precipitated	0.0
1349	114485267	ursodiol	0.0
1350	114485230	hexamethyl pararosaniline	0.0
1351	114485231	ibandronic acid	0.0
1352	114485316	estrone-3-sulphate	0.0
1353	114485380	risedronate	0.0
1354	114485422	dextrothyroxine	0.0
1355	114485418	pyridoxal	0.0
1356	114485366	pamidronate	0.0
1357	114485296	brilinta	0.0
1358	114484614	oxycodone	0.0
1359	114485142	ridogrel	0.0
1360	114484319	gliquidone	0.0
1361	114484419	leuprolide	0.0
1362	114484420	levallorphan	0.0
1363	114484421	levamisole	0.0
1364	114484425	levocabastine	0.0
1365	114484339	hydrocodone	0.0
1366	114484342	hydromorphone	0.0
1367	114484360	imiquimod	0.0
1368	114484375	isatuximab	0.0
1369	114484300	formestane	0.0
1370	114484305	frovatriptan	0.0
1371	114484308	gabapentin	0.0
1372	114484317	glimepiride	0.0
1373	114484323	gonadorelin	0.0
1374	114484625	pamidronic acid	0.0
1375	114484325	griseofulvin	0.0
1376	114484247	etilefrine	0.0
1377	114484249	etomidate	0.0
1378	114484256	exemestane	0.0
1379	114484258	ezetimibe	0.0
1380	114484259	ezogabine	0.0
1381	114484279	flibanserin	0.0
1382	114484192	dutasteride	0.0
1383	114484197	edoxaban	0.0
1384	114484201	elagolix	0.0
1385	114484202	eletriptan	0.0
1386	114484205	elotuzumab	0.0
1387	114484417	letrozole	0.0
1388	114484416	lesinurad	0.0
1389	114484409	latanoprostene bunod	0.0
1390	114484407	lasmiditan	0.0
1391	114484537	mupirocin	0.0
1392	114484543	nalbuphine	0.0
1393	114484544	naldemedine	0.0
1394	114484545	nalmefene	0.0
1395	114484550	naratriptan	0.0
1396	114484560	niacin	0.0
1397	114484574	nitisinone	0.0
1398	114484576	nitrofurantoin	0.0
1399	114484578	nivolumab	0.0
1400	114484492	methocarbamol	0.0
1401	114484494	methoxamine	0.0
1402	114484499	methylnaltrexone	0.0
1403	114484515	migalastat	0.0
1404	114484516	miglitol	0.0
1405	114484436	linaclotide	0.0
1406	114484438	lindane	0.0
1407	114484448	lomitapide	0.0
1408	114484455	lornoxicam	0.0
1409	114484464	macimorelin	0.0
1410	114484465	macitentan	0.0
1411	114484469	maralixibat	0.0
1412	114484483	mepenzolate	0.0
1413	114484388	ivosidenib	0.0
1414	114484391	kanamycin	0.0
1415	114484402	lanadelumab	0.0
1416	114484207	eluxadoline	0.0
1417	114484213	enasidenib	0.0
1418	114484146	dezocine	0.0
1419	114483942	benralizumab	0.0
1420	114483952	bergapten	0.0
1421	114483956	bethanechol	0.0
1422	114483963	bimatoprost	0.0
1423	114483977	bremelanotide	0.0
1424	114483978	brexanolone	0.0
1425	114483894	anagrelide	0.0
1426	114483895	anastrozole	0.0
1427	114483914	atazanavir	0.0
1428	114483916	atogepant	0.0
1429	114483920	atovaquone	0.0
1430	114483924	avacopan	0.0
1431	114483925	avanafil	0.0
1432	114483930	azithromycin	0.0
1433	114483838	abarelix	0.0
1434	114483839	abatacept	0.0
1435	114483843	acarbose	0.0
1436	114483850	acipimox	0.0
1437	114483855	afamelanotide	0.0
1438	114483859	alendronic acid	0.0
1439	114483866	almotriptan	0.0
1440	114483873	alverine	0.0
1441	114483877	ambrisentan	0.0
1442	114483878	amifostine	0.0
1443	114483881	aminoglutethimide	0.0
1444	114483882	aminohippuric acid	0.0
1445	114483948	benzonatate	0.0
1446	114484033	cemiplimab	0.0
1447	114484151	dicloxacillin	0.0
1448	114484027	cefazolin	0.0
1449	114484154	difelikefalin	0.0
1450	114484169	disopyramide	0.0
1451	114484175	dolutegravir	0.0
1452	114484090	copper	0.0
1453	114484093	crizanlizumab	0.0
1454	114484107	daclizumab	0.0
1455	114484111	dantrolene	0.0
1456	114484116	daratumumab	0.0
1457	114484120	dasabuvir	0.0
1458	114484127	degarelix	0.0
1459	114484128	deoxycholic acid	0.0
1460	114484037	cetrorelix	0.0
1461	114484048	chlortetracycline	0.0
1462	114484053	cholic acid	0.0
1463	114484072	clidinium	0.0
1464	114484074	clofarabine	0.0
1465	114484085	codeine	0.0
1466	114483992	buprenorphine	0.0
1467	114483994	buserelin	0.0
1468	114483998	butorphanol	0.0
1469	114484007	cangrelor	0.0
1470	114484014	carbenoxolone	0.0
1471	114484019	carmustine	0.0
1472	114484023	cedazuridine	0.0
1473	114484026	cefamandole	0.0
1474	114484635	pembrolizumab	0.0
1475	114484616	oxymorphone	0.0
1476	114485147	rotenone	0.0
1477	114485083	itolizumab	0.0
1478	114485048	enarodustat	0.0
1479	114485049	enprofylline	0.0
1480	114485050	epalrestat	0.0
1481	114485051	ergometrine	0.0
1482	114485055	etacrynic acid	0.0
1483	114485058	fentiazac	0.0
1484	114485060	flucloxacillin	0.0
1485	114485061	fludarabine	0.0
1486	114485065	framycetin	0.0
1487	114485070	ganaxolone	0.0
1488	114485071	ganirelix	0.0
1489	114485077	ibandronate	0.0
1490	114484988	ziconotide	0.0
1491	114484610	oxcarbazepine	0.0
1492	114484994	zolmitriptan	0.0
1493	114485003	adomeglivant	0.0
1494	114485011	aspartic acid	0.0
1495	114485027	cefradine	0.0
1496	114485028	cerulenin	0.0
1497	114485029	cetilistat	0.0
1498	114485033	clodronic acid	0.0
1499	114484940	trovafloxacin	0.0
1500	114484944	ubrogepant	0.0
1501	114484956	vecuronium	0.0
1502	114484968	vincristine	0.0
1503	114484981	xylometazoline	0.0
1504	114485047	emetine	0.0
1505	114485046	elobixibat	0.0
1506	114485045	dotinurad	0.0
1507	114485039	dexetimide	0.0
1508	114485154	sodium lauryl sulfate	0.0
1509	114485156	spesolimab	0.0
1510	114485158	succinic acid	0.0
1511	114485160	suramin	0.0
1512	114485162	sutimlimab	0.0
1513	114485172	tislelizumab	0.0
1514	114485175	tranilast	0.0
1515	114485176	trimebutine	0.0
1516	114485177	udenafil	0.0
1517	114485178	urapidil	0.0
1518	114485179	uridine	0.0
1519	114485180	ursodeoxycholic acid	0.0
1520	114485181	vadadustat	0.0
1521	114485184	voglibose	0.0
1522	114485185	zucapsaicin	0.0
1523	114485090	lomerizine	0.0
1524	114485096	metamfetamine	0.0
1525	114485097	methylergometrine	0.0
1526	114485102	naftopidil	0.0
1527	114485103	nalorphine	0.0
1528	114485105	neridronic acid	0.0
1529	114485108	nonoxynol-9	0.0
1530	114485115	ozagrel	0.0
1531	114485128	pizotifen	0.0
1532	114485134	proguanil	0.0
1533	114484985	zaleplon	0.0
1534	114484889	tipiracil	0.0
1535	114484901	tolnaftate	0.0
1536	114484749	rimegepant	0.0
1537	114484754	ritodrine	0.0
1538	114484769	roxithromycin	0.0
1539	114484771	rufinamide	0.0
1540	114484776	samidorphan	0.0
1541	114484692	pregabalin	0.0
1542	114484695	primidone	0.0
1543	114484711	protirelin	0.0
1544	114484719	quinethazone	0.0
1545	114484725	raltitrexed	0.0
1546	114484733	regadenoson	0.0
1547	114484735	relugolix	0.0
1548	114484641	pentazocine	0.0
1549	114484642	pentostatin	0.0
1550	114484647	periciazine	0.0
1551	114484652	phenazocine	0.0
1552	114484654	pheniramine	0.0
1553	114484656	phenolphthalein	0.0
1554	114484657	phenoxybenzamine	0.0
1555	114484658	phentermine	0.0
1556	114484666	pimecrolimus	0.0
1557	114484668	pinacidil	0.0
1558	114484669	pinaverium	0.0
1559	114484590	odevixibat	0.0
1560	114484598	omalizumab	0.0
1561	114484602	opicapone	0.0
1562	114484752	risedronic acid	0.0
1563	114484748	rimantadine	0.0
1564	114484902	tolrestat	0.0
1565	114484744	rifapentine	0.0
1566	114484921	triclocarban	0.0
1567	114484935	triptorelin	0.0
1568	114484842	tavaborole	0.0
1569	114484846	teduglutide	0.0
1570	114484849	telithromycin	0.0
1571	114484866	tetrabenazine	0.0
1572	114484870	thalidomide	0.0
1573	114484871	theophylline	0.0
1574	114484873	thiamine	0.0
1575	114484874	thiethylperazine	0.0
1576	114484877	thiotepa	0.0
1577	114484879	thymol	0.0
1578	114484880	tiagabine	0.0
1579	114484883	ticagrelor	0.0
1580	114484790	sertaconazole	0.0
1581	114484793	setmelanotide	0.0
1582	114484803	sitaxentan	0.0
1583	114484804	sodium bicarbonate	0.0
1584	114484814	sufentanil	0.0
1585	114484816	sulfadiazine	0.0
1586	114484821	sulfapyridine	0.0
1587	114484823	sulfisoxazole	0.0
1588	114484830	suvorexant	0.0
1589	114484737	repaglinide	0.0
1590	114484743	rifamycin	0.0
1591	114485394	tegoprazan	0.0
